4294967278,19
4294967278,18
4294967278,17
4294967278,16
4294967278,15
4294967278,14
4294967278,13
4294967278,35
4294967278,34
4294967278,33
4294967278,32
4294967278,30
4294967278,29
4294967278,27
4294967278,26
4294967278,137
4294967278,25
4294967278,24
4294967278,23
4294967278,22
4294967278,21
4294967278,20
4294967279,22
4294967279,20
4294967279,16
4294967279,15
4294967279,14
4294967279,13
4294967278,150
4294967278,37
4294967278,36
4294967278,147
4294967278,145
33,4
4294967278,144
33,3
33,2
33,1
4294967278,530
4294967278,31
4294967294,120
4294967278,143
4294967278,28
4294967278,140
4294967278,142
32,4
32,3
32,2
32,1
4294967278,529
4294967294,390
4294967294,430
31,4
31,3
31,2
31,1
30,4
30,3
30,2
30,1
4294967278,528
4294967279,135
4294967279,133
4294967279,273
29,4
29,3
29,2
29,1
4294967279,345
4294967279,19
4294967294,960
4294967294,161
4294967294,919
4294967279,280
4294967279,270
28,4
28,3
28,2
28,1
4294967278,527
4294967279,269
4294967279,268
4294967279,267
27,4
27,3
27,2
27,1
4294967278,526
4294967279,265
26,4
26,3
26,2
26,1
4294967278,525
4294967279,263
4294967279,344
4294967278,524
4294967279,261
4294967294,908
4294967294,186
4294967278,523
4294967279,343
4294967294,924
4294967278,522
4294967278,521
4294967278,520
4294967279,342
4294967278,519
4294967278,518
4294967278,517
4294967279,341
4294967294,387
4294967294,388
4294967278,256
4294967278,516
4294967278,515
4294967279,340
4294967294,907
4294967294,29
4294967294,441
4294967279,339
4294967294,392
4294967294,389
4294967294,115
4294967278,514
4294967278,513
4294967278,512
4294967294,42
4294967279,338
4294967278,319
4294967278,318
4294967278,255
4294967279,337
4294967279,336
4294967278,252
4294967278,253
4294967278,317
4294967279,335
4294967294,51
4294967279,334
4294967278,248
4294967279,333
4294967294,417
4294967294,52
4294967278,245
4294967294,76
4294967278,242
4294967278,240
25,4
25,3
25,2
25,1
4294967294,82
4294967279,332
4294967278,238
4294967294,88
4294967294,87
4294967294,85
4294967294,84
4294967278,237
4294967278,236
24,4
24,3
24,2
24,1
4294967278,234
4294967294,92
4294967294,91
4294967278,232
4294967278,230
23,4
23,3
23,2
23,1
4294967278,228
4294967278,226
4294967278,224
22,4
22,3
22,2
22,1
4294967278,222
4294967278,220
4294967278,218
4294967294,89
4294967278,216
21,4
21,3
21,2
21,1
4294967278,214
4294967279,331
4294967294,468
4294967278,213
4294967278,212
20,4
20,3
20,2
20,1
4294967279,330
4294967278,211
4294967278,210
4294967278,209
19,4
19,3
19,2
19,1
4294967279,329
4294967278,208
4294967294,426
4294967278,207
4294967278,206
18,4
18,3
18,2
18,1
4294967279,328
4294967278,205
0,7
4294967278,316
4294967279,327
4294967279,326
4294967278,315
4294967278,314
4294967278,0
4294967278,260
4294967294,972
4294967294,955
4294967294,396
4294967294,395
4294967294,178
4294967294,422
4294967294,385
4294967294,952
4294967294,384
4294967294,168
4294967294,398
4294967294,111
4294967294,449
4294967294,180
4294967294,109
4294967294,455
4294967294,46
4294967279,325
4294967279,324
4294967278,313
4294967294,2
4294967278,312
4294967279,323
4294967279,322
4294967278,311
4294967278,310
4294967279,321
4294967279,320
4294967278,309
4294967278,308
4294967279,319
4294967279,318
4294967279,260
4294967278,307
4294967278,306
4294967294,1
4294967279,317
4294967279,316
4294967278,305
4294967278,304
4294967294,0
0,5
4294967279,315
4294967279,314
4294967278,303
4294967294,107
4294967294,81
4294967294,50
4294967294,90
4294967294,86
4294967294,953
4294967294,954
4294967294,414
4294967294,28
4294967294,923
4294967294,27
4294967294,53
4294967294,393
4294967294,45
4294967294,44
4294967294,96
4294967294,94
4294967279,313
4294967294,9
4294967294,8
4294967279,312
4294967279,0
4294967294,7
4294967294,6
4294967294,22
4294967294,93
4294967294,95
4294967294,17
4294967294,67
4294967294,99
4294967294,41
4294967294,43
4294967294,469
4294967294,25
4294967294,26
4294967278,132
4294967278,131
4294967278,130
4294967278,129
4294967278,128
4294967278,127
4294967278,126
4294967278,125
4294967278,124
4294967278,123
4294967278,122
4294967278,121
4294967278,120
4294967278,119
4294967278,118
4294967278,117
4294967278,116
4294967278,115
4294967278,114
4294967278,113
4294967278,112
4294967278,111
4294967278,110
4294967278,109
4294967278,108
4294967278,107
4294967278,106
4294967278,105
4294967278,104
4294967278,103
4294967278,102
4294967278,101
4294967278,100
4294967278,99
4294967278,98
4294967278,97
4294967278,96
4294967278,95
4294967278,94
4294967278,93
4294967278,92
4294967278,91
4294967278,90
4294967278,89
4294967278,87
4294967278,86
4294967278,85
4294967278,84
4294967278,83
4294967278,82
4294967278,81
4294967278,80
